Starting processing....
Average Fare: 32.204207968574636
Average Age: 29.69911764705882
Creating columns....
0.1889
passengers: 
577
male: 
0.742
passengers: 
314
Performing calculations for: All Passengers
by class - ticket
first:
0.6296
second: 
0.4728
third: 
0.2424
by class - ticket
Southhampton:
0.339
Cherbourg: 
0.5536
Queenstown: 
0.3896
fare range
0-5: 
0.0588
5-9: 
0.2069
10-14: 
0.3852
15-19: 
0.5088
20-24: 
0.4048
30-34: 
0.46
35+: 
0.5812
age range
1-9: 
0.52
10-19: 
0.3826
20-29: 
0.3342
30-39: 
0.4452
40-49: 
0.3837
50-59: 
0.4048
60-69: 
0.2353
70-79: 
0.2
80-89: 
90+: 
family size range
fs+: 1
0.3035
fs+: 2
0.5528
fs+: 3
0.5784
fs+: 4
0.7241
fs+: 5
0.2
fs+: 6
0.1364
fs+: 7
0.3333
fs+: 8
0.0
fs+: 9
fs+: inf
Descriptive Stats:
       PassengerId    Survived      Pclass         Age       SibSp       Parch        Fare  familysize  Fare_Per_Person
count   891.000000  891.000000  891.000000  891.000000  891.000000  891.000000  891.000000  891.000000       891.000000
mean    446.000000    0.383838    2.308642   29.699118    0.523008    0.381594   32.204208    1.904602        11.452873
std     257.353842    0.486592    0.836071   13.002015    1.102743    0.806057   49.693429    1.613459        19.123351
min       1.000000    0.000000    1.000000    0.420000    0.000000    0.000000    0.000000    1.000000         0.000000
25%     223.500000    0.000000    2.000000   22.000000    0.000000    0.000000    7.910400    1.000000         3.923437
50%     446.000000    0.000000    3.000000   29.699118    0.000000    0.000000   14.454200    1.000000         5.250000
75%     668.500000    1.000000    3.000000   35.000000    1.000000    0.000000   31.000000    2.000000        13.000000
max     891.000000    1.000000    3.000000   80.000000    8.000000    6.000000  512.329200   11.000000       256.164600
Correlation of Values:
                 PassengerId  Survived    Pclass       Age     SibSp     Parch      Fare  familysize  Fare_Per_Person
PassengerId         1.000000 -0.005007 -0.035144  0.033207 -0.057527 -0.001652  0.012658   -0.040143         0.023997
Survived           -0.005007  1.000000 -0.338481 -0.069809 -0.035322  0.081629  0.257307    0.016639         0.246682
Pclass             -0.035144 -0.338481  1.000000 -0.331339  0.083081  0.018443 -0.549500    0.065997        -0.528998
Age                 0.033207 -0.069809 -0.331339  1.000000 -0.232625 -0.179191  0.091566   -0.248512         0.138807
SibSp              -0.057527 -0.035322  0.083081 -0.232625  1.000000  0.414838  0.159651    0.890712        -0.045972
Parch              -0.001652  0.081629  0.018443 -0.179191  0.414838  1.000000  0.216225    0.783111        -0.006070
Fare                0.012658  0.257307 -0.549500  0.091566  0.159651  0.216225  1.000000    0.217138         0.911514
familysize         -0.040143  0.016639  0.065997 -0.248512  0.890712  0.783111  0.217138    1.000000        -0.034452
Fare_Per_Person     0.023997  0.246682 -0.528998  0.138807 -0.045972 -0.006070  0.911514   -0.034452         1.000000
Covariance of Values:
                  PassengerId  Survived     Pclass         Age      SibSp     Parch         Fare  familysize  Fare_Per_Person
PassengerId      66231.000000 -0.626966  -7.561798  111.113042 -16.325843 -0.342697   161.883369  -16.668539       118.100486
Survived            -0.626966  0.236772  -0.137703   -0.441656  -0.018954  0.032017     6.221787    0.013063         2.295441
Pclass              -7.561798 -0.137703   0.699015   -3.601855   0.076599  0.012429   -22.830196    0.089028        -8.457878
Age                111.113042 -0.441656  -3.601855  169.052400  -3.335345 -1.877987    59.162200   -5.213332        34.513297
SibSp              -16.325843 -0.018954   0.076599   -3.335345   1.216043  0.368739     8.748734    1.584782        -0.969458
Parch               -0.342697  0.032017   0.012429   -1.877987   0.368739  0.649728     8.661052    1.018467        -0.093559
Fare               161.883369  6.221787 -22.830196   59.162200   8.748734  8.661052  2469.436846   17.409785       866.216010
familysize         -16.668539  0.013063   0.089028   -5.213332   1.584782  1.018467    17.409785    2.603248        -1.063017
Fare_Per_Person    118.100486  2.295441  -8.457878   34.513297  -0.969458 -0.093559   866.216010   -1.063017       365.702571
            PassengerId  Survived  Pclass                                               Name     Sex  ...  Deck  familysize  Fare_Per_Person farerange  agerange
familysize                                                                                            ...                                                       
2                     1         0       3                            Braund, Mr. Owen Harris    male  ...   NaN           2         2.416667       5-9     20-29
2                     2         1       1  Cumings, Mrs. John Bradley (Florence Briggs Th...  female  ...     C           2        23.761100       35+     30-39
1                     3         1       3                             Heikkinen, Miss. Laina  female  ...   NaN           1         3.962500       5-9     20-29
2                     4         1       1       Futrelle, Mrs. Jacques Heath (Lily May Peel)  female  ...     C           2        17.700000       35+     30-39
1                     5         0       3                           Allen, Mr. William Henry    male  ...   NaN           1         4.025000       5-9     30-39

[5 rows x 17 columns]
Performing calculations for: Male Passengers
by class - ticket
first:
0.3689
second: 
0.1574
third: 
0.1354
by class - ticket
Southhampton:
0.1746
Cherbourg: 
0.3053
Queenstown: 
0.0732
fare range
0-5: 
0.0588
5-9: 
0.1098
10-14: 
0.1528
15-19: 
0.2759
20-24: 
0.15
30-34: 
0.3016
35+: 
0.3223
age range
1-9: 
0.4783
10-19: 
0.1449
20-29: 
0.1429
30-39: 
0.23
40-49: 
0.2182
50-59: 
0.1429
60-69: 
0.0714
70-79: 
0.2
80-89: 
90+: 
family size range
fs+: 1
0.1557
fs+: 2
0.2432
fs+: 3
0.3962
fs+: 4
0.5
fs+: 5
0.0
fs+: 6
0.0
fs+: 7
0.25
fs+: 8
0.0
fs+: 9
fs+: inf
Descriptive Stats:
       PassengerId    Survived      Pclass         Age       SibSp       Parch        Fare  familysize  Fare_Per_Person
count   577.000000  577.000000  577.000000  577.000000  577.000000  577.000000  577.000000  577.000000       577.000000
mean    454.147314    0.188908    2.389948   30.505824    0.429809    0.235702   25.523893    1.665511         9.483288
std     257.486139    0.391775    0.813580   13.009478    1.061811    0.612294   43.138263    1.478106        16.325421
min       1.000000    0.000000    1.000000    0.420000    0.000000    0.000000    0.000000    1.000000         0.000000
25%     222.000000    0.000000    2.000000   23.000000    0.000000    0.000000    7.895800    1.000000         3.897900
50%     464.000000    0.000000    3.000000   29.699118    0.000000    0.000000   10.500000    1.000000         4.608350
75%     680.000000    0.000000    3.000000   35.000000    0.000000    0.000000   26.550000    2.000000         9.240267
max     891.000000    1.000000    3.000000   80.000000    8.000000    5.000000  512.329200   11.000000       256.164600
Correlation of Values:
                 PassengerId  Survived    Pclass       Age     SibSp     Parch      Fare  familysize  Fare_Per_Person
PassengerId         1.000000  0.040477  0.002336  0.005324 -0.084884 -0.084980 -0.009578   -0.096180         0.022190
Survived            0.040477  1.000000 -0.220618 -0.106712 -0.020238  0.096318  0.171288    0.025361         0.169361
Pclass              0.002336 -0.220618  1.000000 -0.354099  0.076957 -0.031481 -0.472452    0.042242        -0.465556
Age                 0.005324 -0.106712 -0.354099  1.000000 -0.257429 -0.215179  0.075271   -0.274062         0.120422
SibSp              -0.084884 -0.020238  0.076957 -0.257429  1.000000  0.524849  0.181804    0.935774        -0.025532
Parch              -0.084980  0.096318 -0.031481 -0.215179  0.524849  1.000000  0.312197    0.791272         0.068938
Fare               -0.009578  0.171288 -0.472452  0.075271  0.181804  0.312197  1.000000    0.259926         0.919807
familysize         -0.096180  0.025361  0.042242 -0.274062  0.935774  0.791272  0.259926    1.000000         0.010216
Fare_Per_Person     0.022190  0.169361 -0.465556  0.120422 -0.025532  0.068938  0.919807    0.010216         1.000000
Covariance of Values:
                  PassengerId  Survived     Pclass         Age      SibSp      Parch         Fare  familysize  Fare_Per_Person
PassengerId      66299.111942  4.083234   0.489331   17.834315 -23.207524 -13.397630  -106.388972  -36.605154        93.278120
Survived             4.083234  0.153488  -0.070320   -0.543887  -0.008419   0.023105     2.894857    0.014686         1.083214
Pclass               0.489331 -0.070320   0.661913   -3.747873   0.066481  -0.015682   -16.581384    0.050799        -6.183538
Age                 17.834315 -0.543887  -3.747873  169.246519  -3.556020  -1.714034    42.242454   -5.270054        25.575783
SibSp              -23.207524 -0.008419   0.066481   -3.556020   1.127443   0.341226     8.327467    1.468669        -0.442589
Parch              -13.397630  0.023105  -0.015682   -1.714034   0.341226   0.374904     8.246160    0.716129         0.689099
Fare              -106.388972  2.894857 -16.581384   42.242454   8.327467   8.246160  1860.909702   16.573627       647.774647
familysize         -36.605154  0.014686   0.050799   -5.270054   1.468669   0.716129    16.573627    2.184798         0.246510
Fare_Per_Person     93.278120  1.083214  -6.183538   25.575783  -0.442589   0.689099   647.774647    0.246510       266.519383
            PassengerId  Survived  Pclass                            Name   Sex        Age  ...  Embarked  Deck familysize  Fare_Per_Person farerange agerange
familysize                                                                                  ...                                                               
2                     1         0       3         Braund, Mr. Owen Harris  male  22.000000  ...         S   NaN          2         2.416667       5-9    20-29
1                     5         0       3        Allen, Mr. William Henry  male  35.000000  ...         S   NaN          1         4.025000       5-9    30-39
1                     6         0       3                Moran, Mr. James  male  29.699118  ...         Q   NaN          1         4.229150       5-9    20-29
1                     7         0       1         McCarthy, Mr. Timothy J  male  54.000000  ...         S     E          1        25.931250       35+    50-59
5                     8         0       3  Palsson, Master. Gosta Leonard  male   2.000000  ...         S   NaN          5         3.512500     20-24      1-9

[5 rows x 17 columns]
Performing calculations for: Female Passengers
by class - ticket
first:
0.9681
second: 
0.9211
third: 
0.5
by class - ticket
Southhampton:
0.6927
Cherbourg: 
0.8767
Queenstown: 
0.75
fare range
0-5: 
5-9: 
0.5938
10-14: 
0.72
15-19: 
0.75
20-24: 
0.6364
30-34: 
0.7297
35+: 
0.8584
age range
1-9: 
0.5556
10-19: 
0.7391
20-29: 
0.7239
30-39: 
0.8364
40-49: 
0.6774
50-59: 
0.9286
60-69: 
1.0
70-79: 
80-89: 
90+: 
family size range
fs+: 1
0.7857
fs+: 2
0.8161
fs+: 3
0.7755
fs+: 4
0.8421
fs+: 5
0.25
fs+: 6
0.375
fs+: 7
0.375
fs+: 8
0.0
fs+: 9
fs+: inf
Descriptive Stats:
       PassengerId    Survived      Pclass         Age       SibSp       Parch        Fare  familysize  Fare_Per_Person
count   314.000000  314.000000  314.000000  314.000000  314.000000  314.000000  314.000000  314.000000       314.000000
mean    431.028662    0.742038    2.159236   28.216730    0.694268    0.649682   44.479818    2.343949        15.072141
std     256.846324    0.438211    0.857290   12.877543    1.156520    1.022846   57.997698    1.755733        23.002199
min       2.000000    0.000000    1.000000    0.750000    0.000000    0.000000    6.750000    1.000000         0.990625
25%     231.750000    0.000000    1.000000   21.000000    0.000000    0.000000   12.071875    1.000000         3.951550
50%     414.500000    1.000000    2.000000   29.699118    0.000000    0.000000   23.000000    2.000000         6.018750
75%     641.250000    1.000000    3.000000   35.000000    1.000000    1.000000   55.000000    3.000000        17.333333
max     889.000000    1.000000    3.000000   63.000000    8.000000    6.000000  512.329200   11.000000       256.164600
Correlation of Values:
                 PassengerId  Survived    Pclass       Age     SibSp     Parch      Fare  familysize  Fare_Per_Person
PassengerId         1.000000 -0.008790 -0.117476  0.075205  0.000869  0.113805  0.063155    0.066872         0.041993
Survived           -0.008790  1.000000 -0.477114  0.100590 -0.263284 -0.223644  0.218466   -0.303717         0.250526
Pclass             -0.117476 -0.477114  1.000000 -0.334042  0.136263  0.143976 -0.634771    0.173635        -0.600043
Age                 0.075205  0.100590 -0.334042  1.000000 -0.170993 -0.119199  0.158901   -0.182077         0.200472
SibSp               0.000869 -0.263284  0.136263 -0.170993  1.000000  0.295385  0.093852    0.830794        -0.109100
Parch               0.113805 -0.223644  0.143976 -0.119199  0.295385  1.000000  0.073398    0.777148        -0.129092
Fare                0.063155  0.218466 -0.634771  0.158901  0.093852  0.073398  1.000000    0.104581         0.901108
familysize          0.066872 -0.303717  0.173635 -0.182077  0.830794  0.777148  0.104581    1.000000        -0.147071
Fare_Per_Person     0.041993  0.250526 -0.600043  0.200472 -0.109100 -0.129092  0.901108   -0.147071         1.000000
Covariance of Values:
                  PassengerId  Survived     Pclass         Age     SibSp      Parch         Fare  familysize  Fare_Per_Person
PassengerId      65970.034320 -0.989388 -25.867198  248.744441  0.257992  29.898252   940.792482   30.156244       248.097240
Survived            -0.989388  0.192029  -0.179239    0.567636 -0.133432  -0.100242     5.552364   -0.233675         2.525259
Pclass             -25.867198 -0.179239   0.734946   -3.687750  0.135101   0.126249   -31.561365    0.261350       -11.832589
Age                248.744441  0.567636  -3.687750  165.831108 -2.546620  -1.570063   118.677678   -4.116683        59.382190
SibSp                0.257992 -0.133432   0.135101   -2.546620  1.337539   0.349423     6.295167    1.686962        -2.902333
Parch               29.898252 -0.100242   0.126249   -1.570063  0.349423   1.046214     4.354141    1.395637        -3.037238
Fare               940.792482  5.552364 -31.561365  118.677678  6.295167   4.354141  3363.732930   10.649309      1202.145638
familysize          30.156244 -0.233675   0.261350   -4.116683  1.686962   1.395637    10.649309    3.082599        -5.939571
Fare_Per_Person    248.097240  2.525259 -11.832589   59.382190 -2.902333  -3.037238  1202.145638   -5.939571       529.101178
            PassengerId  Survived  Pclass                                               Name     Sex  ...  Deck  familysize  Fare_Per_Person farerange  agerange
familysize                                                                                            ...                                                       
2                     2         1       1  Cumings, Mrs. John Bradley (Florence Briggs Th...  female  ...     C           2        23.761100       35+     30-39
1                     3         1       3                             Heikkinen, Miss. Laina  female  ...   NaN           1         3.962500       5-9     20-29
2                     4         1       1       Futrelle, Mrs. Jacques Heath (Lily May Peel)  female  ...     C           2        17.700000       35+     30-39
3                     9         1       3  Johnson, Mrs. Oscar W (Elisabeth Vilhelmina Berg)  female  ...   NaN           3         2.783325     10-14     20-29
2                    10         1       2                Nasser, Mrs. Nicholas (Adele Achem)  female  ...   NaN           2        10.023600       35+     10-19

[5 rows x 17 columns]
Write to results file....
